0: 2405 1 2246
1: 0 2246 1934
2: 2127 577 2128
3: 2257 2174 2258
4: 1611
5: 982 971 980
6: 898 1599 316
7: 922 35 921
8: 49 290 298 67
9: 272 270 277
10: 278 272 1800
11: 1173 24 1170
12: 1167
13: 1096 1081 38
14: 81 16 339
15: 2538 337 947
16: 338 14 341 83
17: 2527 905 243
18: 1403 2650 439 2648
19: 1502 1660 2622
20: 603 2551 610
21: 1851 1065 1064
22: 2653 1592 1063
23: 1094 1088 1091
24: 1175 11 1845
25: 1523
26: 1520
27: 28
28: 27 1965 1526
29: 1422 2403 588
30: 2422 2424 2425
31: 1279 1309 1312
32: 1279 1265 2236 1285
33: 257 262 44
34: 1621 922 142 953
35: 935 7 43
36: 914 143 1739
37: 1146 2429 1113
38: 1096 1115 13 2531
39: 2704 423 1444
40: 350 967 75
41: 1739 312 351
42: 262
43: 1603 960 35 148
44: 258 33 2363
45: 190 873 872
46: 902 2624 891
47: 258 1791 1790
48: 49 310 912 319
49: 8 48 304 295
50: 968 952 973
51: 287 144 872
52: 1736 2583 2704
53: 1283 1305 1277
54: 994
55: 527
56: 60 59 2351
57: 998 1001 60
58: 60 994 998 989
59: 1001 1002 56
60: 56 58 57
61: 2101 877 204
62: 202 879 870
63: 128 877 123
64: 282
65: 301 232 1770
66: 254 2123 344
67: 292 284 8
68: 331 254 926
69: 246
70: 246 917 107
71: 349 344 347
72: 943 1599 934
73: 934 1600 2625 2627
74: 1799 75 265
75: 350 74 40
76: 2036 1431 1226
77: 211 220 212 226
78: 79 2511 80 328
79: 334 78 339
80: 931 78 325
81: 973 14 340
82: 202 2100 208
83: 2709 2708 16 2542
84: 1624 902 1622
85: 1008 1013 1011
86: 307
87: 951 348 941
88: 289 306 305 1548
89: 92 210 90
90: 89
91: 1000 1001 1007
92: 89 218 221
93: 1485 1494 1486
94: 114 1408 2557
95: 1118 1147 140
96: 405 389 1735
97: 2003 2002 2502
98: 2386 2654 2379
99: 2036 1206 2034
100: 101
101: 1903 1902 100
102: 1920
103: 2270 2115 1918
104: 1969 483 559 106
105: 552
106: 552 104 1514
107: 70 230 232
108: 890 899 2528
109: 1474 1480 1473
110: 147 1626 880
111: 1541 217 2722
112: 205 1575 1571
113: 207 205 1571
114: 94 1709 1706 1708
115: 228
116: 893 119 127
117: 243 917 904
118: 2544 946 2517
119: 903 127 116
120: 2527 903 899
121: 1741 1742 299 1740
122: 282
123: 872 1547 63
124: 2197 604 2007 2198
125: 1879 1889 1887
126: 1556 2477 201
127: 119 1766 116
128: 63 145 144
129: 1882
130: 230
131: 2109 1747 1999
132: 1454 2507 1727
133: 1164
134: 1182 1178 1205
135: 2412
136: 1167 2413 1125
137: 139 1172 1156
138: 1182 1181 1151
139: 137 1136 140
140: 1147 139 95
141: 2429 1180 2430
142: 2621 34 1617 1618
143: 36 887 308
144: 875 51 128
145: 128 880 147
146: 875 287 308
147: 110 891 145
148: 935 1786 43
149: 189 280 1548 1372
150: 151 281 1543
151: 1550 150 1544 1543
152: 160 2141 161
153: 194 159 2111 192
154: 157 161 159
155: 159 2316 194
156: 2453 170 2654
157: 2316 154 166
158: 161 160 191
159: 155 154 153
160: 152 161 158
161: 160 158 154 152
162: 2657 2293 584
163: 1763
164: 166 2453 195
165: 170 2192 195
166: 164 195 157
167: 182 603 177
168: 181 171 2192 182
169: 181
170: 165 2453 156
171: 182 179 168
172: 177 2010 2685
173: 2549 2550 2191
174: 2196 2548 2194
175: 2548
176: 2475 1998 1990
177: 181 172 167
178: 180
179: 184 171 185
180: 606 178 2503
181: 168 177 169
182: 171 168 167
183: 184
184: 179 186 183
185: 179
186: 184
187: 1460 1461 188 1507
188: 356 1466 187
189: 873 149 190
190: 45 1369 189
191: 2141 158
192: 2144 194 153
193: 2382 2141 2233
194: 155 153 192
195: 164 165 166
196: 1359 2532 2534
197: 1364 199 869
198: 1565 202 1364
199: 202 197 200
200: 2477 201 199
201: 126 2477 200
202: 62 82 198 199
203: 1383 1577 209
204: 1556 61 869
205: 113 112 206
206: 211 205 212
207: 211 1388 113
208: 2101 1737 82
209: 218 210 214 203
210: 2096 89 209
211: 207 77 206 216
212: 77 2096 206
213: 216 1388 1396
214: 209 885 1577
215: 2529 2530 878 217
216: 211 223 213 233
217: 1542 215 111
218: 219 2102 92 209
219: 218
220: 77
221: 234 235 92
222: 1879 890 892
223: 231 216 233
224: 2530 893 227
225: 228 301 237
226: 234 229 77
227: 2528 893 224
228: 225 244 115
229: 231 226 236
230: 107 130 892
231: 240 229 241 223
232: 65 107 318
233: 1793 223 216
234: 226 242 236 221
235: 242 245 221
236: 241 234 229
237: 225 246 318 244
238: 255 244 1441
239: 910 252 245
240: 231 1793 241
241: 249 231 236 240
242: 249 234 250 235
243: 17 117 254 247
244: 228 237 238
245: 239 250 235
246: 69 70 253 237
247: 2514 1766 243
248: 261 1794 249
249: 242 256 241 248
250: 242 257 245 256
251: 2514 2525 330
252: 239 258 257
253: 259 246 919 345
254: 66 243 68 346
255: 238 345 1771 1040
256: 249 250 261 260
257: 250 33 252 260
258: 44 252 47
259: 253 345 929 1769
260: 257 263 262 256
261: 263 248 256 908
262: 33 42 260
263: 261 1797 1795 260
264: 266 1799 265 2324
265: 350 74 264
266: 271 264 267
267: 268 273 266
268: 269 267 274
269: 1803 268 275
270: 9 1803 276
271: 273 266 1799
272: 9 278 10
273: 271 274 267
274: 275 268 273
275: 274 276 269
276: 275 277 270
277: 276 278 9
278: 277 10 272
279: 1540 2715 2731 1558
280: 149 1544 289
281: 283 284 150
282: 64 284 122
283: 2729 281 286
284: 67 282 281 293
285: 294 290 1549
286: 2512 2513 283
287: 1548 51 146 873
288: 2512 293 297
289: 291 1548 88 280
290: 8 295 285
291: 289 1549 294 303
292: 296 67 298
293: 296 288 284 299
294: 285 291 295 307
295: 294 310 49 290
296: 292 293 309 302
297: 299 288 1741
298: 304 8 292 302
299: 309 121 297 293
300: 2728 2513 326
301: 225 65 318
302: 317 315 296 298
303: 291 307 316
304: 319 298 317 49
305: 88 316 306
306: 88 305 311
307: 86 303 294 310
308: 312 143 146
309: 299 296 315
310: 48 321 295 307
311: 312 306 313
312: 308 311 41 313
313: 314 312 311
314: 313 898 2626
315: 320 302 309
316: 907 6 305 303
317: 302 322 304 324
318: 301 232 237
319: 322 304 48 323
320: 315 324 1742
321: 310 912 332
322: 319 317 328 325
323: 325 319 912
324: 328 320 317
325: 323 322 80
326: 300 329 327 2537
327: 330 2525 326
328: 324 322 78
329: 1740 326 331 2537
330: 331 327 251
331: 68 330 329
332: 932 907 321
333: 334 1740 1743
334: 338 333 79 1742
335: 346 1857 946 2538
336: 1597 1596 1595
337: 956 1743 15 338
338: 334 16 339 337
339: 338 340 14 79
340: 339 968 81 2511
341: 1578 16 956
342: 2542 1858 2517
343: 1579 2524 1858 2518
344: 71 66 1768
345: 259 253 255
346: 335 2124 254
347: 71
348: 967 87 1797
349: 71
350: 265 75 40
351: 935 41 1786
352: 354 352
353: 354 362 1731
354: 353 352 368 357
355: 1446 365 358
356: 188 367 1460
357: 361 354 360
358: 355
359: 379 362 366
360: 361 357 2597
361: 363 360 357
362: 359 353 365
363: 361 368 370
364: 1457 1459 367 1733
365: 410 362 355
366: 375 372 359
367: 1458 364 356
368: 354 370 363
369: 1734 371 370
370: 368 369 363
371: 369 376 1733
372: 375 373 366
373: 374 376 372
374: 373 407 2616
375: 366 377 372
376: 373 2616 371
377: 378 379 375
378: 377 384 407
379: 377 395 359
380: 1726 408 1725 1728
381: 1512 2616 1511
382: 1443 391 1512
383: 391 1443 385
384: 411 378 407
385: 394 386 383
386: 392 385 1442
387: 397 389 1442
388: 393 402 390
389: 387 96 390
390: 405 388 389
391: 383 382 394
392: 386 398 399
393: 388 404 406
394: 385 398 391
395: 396 410 379
396: 395 415 416
397: 387 403 401
398: 392 394 400
399: 392 400 1442
400: 399 401 398
401: 400 397 403
402: 2690 404 388
403: 397 401 1735
404: 393 406 402
405: 96 390 406
406: 393 405 404
407: 374 378 384
408: 1727 1726 380 1729
409: 1456 412 414
410: 365 395 412
411: 418 384 413 1511
412: 414 409 410
413: 419 417 411
414: 415 412 409
415: 396 414 420
416: 396 421 420
417: 419 421 413
418: 411 1512 419
419: 413 418 417
420: 416 1448 415
421: 416 417 1444
422: 425 423 1448
423: 39 422 425
424: 1447 1448 1454
425: 422 1447 423
426: 442 1504 439 440
427: 428 1404 1660
428: 429 427 2646
429: 428 430 1658
430: 1657 1659 429
431: 1663 1665 1662
432: 464 460 456 442
433: 1684 1685 1682
434: 479 1687 481
435: 1641 1154 1633
436: 1205 1634 1718
437: 2406 438 594
438: 437 594 627
439: 426 443 18
440: 1504 2622 451 426
441: 443 442 447
442: 426 432 441
443: 441 439 444
444: 445 448 443
445: 531 446 444
446: 447 445 532
447: 446 449 441
448: 531 444 1629
449: 532 534 536 447
450: 531
451: 460 542 440
452: 467 472 464
453: 459
454: 537
455: 535
456: 540 534 432 536
457: 1534 537 1658
458: 462
459: 461 453 537
460: 467 451 432
461: 462 541 459
462: 461 466 458
463: 541 1534 465
464: 540 432 452
465: 463
466: 541 462 471
467: 460 452 542
468: 2620 1628 540
469: 1964
470: 545
471: 1519 541 466
472: 1680 1654 452 507
473: 507 1653 1682
474: 544
475: 1653 478 547
476: 545
477: 546
478: 547 549 475
479: 434 548 1651
480: 547 550 482
481: 510 1650 434
482: 551 488 480
483: 104 552 486
484: 551
485: 520 516 1649
486: 2301 493 483
487: 561 1649 488
488: 487 1522 482
489: 1693 520 560 1648
490: 1695 1693 562
491: 561 496 1647
492: 566 495 559 1530
493: 497 486 1530
494: 564 499 2105
495: 492
496: 563 491 564
497: 1531 493 1530
498: 566
499: 494 500 2215 2214
500: 2243 499 1521
501: 502 974 990
502: 503 1004 501
503: 504 502 505
504: 1629 503 2635
505: 2635 506 2634 503
506: 1004 1006 505
507: 473 472 1628
508: 2618 2619 2632
509: 2038 511 2630 2637
510: 1688 481 1690
511: 1690 509 515
512: 553
513: 515 514 2637 554
514: 513 519 2636
515: 513 516 511
516: 485 515 1691 1688
517: 556
518: 556
519: 554 553 521 514
520: 489 485 1692 555
521: 558 557 522 519
522: 523 2638 521
523: 522 558 525
524: 556 567 565
525: 2629 523 2638
526: 565 527 569 2638
527: 526 528 2629 55
528: 527 1697 1698 1695
529: 2562 1703 1705 574
530: 1706 1139 573 2563
531: 450 445 448 532
532: 531 449 446 535
533: 534
534: 449 456 533
535: 536 455 538 532
536: 449 456 535 539
537: 1534 459 454 457
538: 539 2620 535 1630
539: 540 538 2620 536
540: 456 464 539 468
541: 466 463 461 471
542: 467 543 451
543: 1676 542 1655 1675
544: 474 1964 545 1654
545: 476 470 546 544
546: 1524 477 1523 545
547: 478 480 475
548: 479 1652 1685
549: 550 478 1652
550: 1651 480 549 551
551: 1650 482 484 550
552: 106 483 105 1513
553: 519 512 557 1809
554: 555 519 513 558
555: 560 554 520
556: 517 524 557 518
557: 521 556 565 553
558: 521 554 523 560
559: 2301 492 104 566
560: 555 562 489 558
561: 487 491 1648 563
562: 2629 560 490
563: 1522 496 561 564
564: 563 1522 494 496
565: 524 526 557 568
566: 492 498 1533 559
567: 524 570 568 1528
568: 569 567 571 565
569: 572 568 526
570: 567 573 571 1528
571: 572 570 574 568
572: 569 571 574
573: 570 530 574 2104
574: 573 529 571 572
575: 2449 576 2160
576: 582 2126 2445 575
577: 2404 578 2
578: 2168 2165 577
579: 1901 2090 746
580: 2404 2129 2128
581: 2404 2754 582
582: 576 2129 581 583
583: 2755 2180 582
584: 162 2402 629
585: 2402 590 589
586: 2658
587: 2409 592 591
588: 589 29 2403
589: 588 590 585
590: 585 591 589
591: 592 590 587
592: 2408 587 591
593: 1936 612 611
594: 438 437 598
595: 2246 598 597
596: 1718 597 2406
597: 1934 595 596
598: 624 594 595
599: 1236 2250 2234
600: 2062 2067 2065
601: 1762 1763 1761
602: 608 609 1970
603: 20 609 167
604: 605 124 2198
605: 604 1730 2508
606: 2194 180 607
607: 2191 606 2193
608: 2555 610 602
609: 602 610 603
610: 20 609 608
611: 2328 593 614
612: 613 593 614
613: 612 616 615
614: 612 617 611
615: 617 616 613
616: 2327 615 613
617: 615 2326 614
618: 623 620
619: 2411 621 630 2405
620: 618 634 2328
621: 626 619
622: 2402 2658 2416 629
623: 618 633 637
624: 598 643 625
625: 639 2587 624
626: 636 621
627: 2752 438 631 632
628: 630 2410 2411
629: 714 622 584
630: 636 642 628 619
631: 632 627 1229
632: 2587 631 2588 627
633: 623 641 2395 646
634: 644 620 642
635: 2589 2183 2588
636: 630 626 645
637: 646 623 644
638: 2589 2588 668
639: 625
640: 659 647 2589
641: 633 648 2397 651
642: 630 634 645 649
643: 645 1937 624 653
644: 634 637 649 2391
645: 636 642 643
646: 651 637 633 2444
647: 676 650 640
648: 2440 641 662
649: 644 653 642 2390
650: 679 654 647
651: 662 646 641 2442
652: 1229 656 659
653: 649 655 643
654: 666 650 664
655: 653
656: 652 1233 673
657: 674 2416 660
658: 2389 2390 663 2444
659: 640 652 666
660: 661 2440 657
661: 660
662: 651 648 670 671
663: 658 681 667
664: 669 683 654
665: 2442 2443 680
666: 2586 654 659 677
667: 2587 668 663
668: 676 667 638
669: 675 664 689
670: 2442 662 672
671: 680 662 684
672: 670
673: 656
674: 712 657 2266
675: 677 669 694
676: 668 687 647
677: 675 678 666
678: 1938 677 695
679: 650 683 687
680: 671 688 665 684
681: 685 691 663
682: 685
683: 700 664 689 679
684: 686 680 671
685: 706 681 682
686: 684
687: 676 705 679
688: 680 2443 693
689: 694 669 696 683
690: 691
691: 704 690 703 681
692: 703
693: 688
694: 689 701 675
695: 708 720 678
696: 2568 689 698
697: 717
698: 700 696 725
699: 711
700: 723 698 705 683
701: 707 2568 694
702: 2700 711 2740
703: 692 719 710 691
704: 713 691 706
705: 700 706 721 687
706: 685 705 704
707: 701
708: 711 695 2072
709: 734 722 710
710: 719 722 709 703
711: 708 702 699
712: 714 728 674
713: 704
714: 712 737 629
715: 2568
716: 2740 744 2585
717: 697 2113 740
718: 723
719: 724 710 703
720: 725 736 695
721: 729 731 705
722: 710 734 735 709
723: 726 700 718
724: 719 727 730
725: 698 738 720
726: 723
727: 730 724 729
728: 2079 743 712
729: 721 727 747
730: 727 735 724
731: 738 721 2282
732: 2076 2079 2269
733: 741
734: 749 722 745 709
735: 745 730 722
736: 757 738 720
737: 2077 714 2078
738: 731 2281 736 725
739: 2398 2262 2264
740: 2398 2259 717
741: 756 733 749
742: 756
743: 752 2083 728
744: 716 750 748
745: 735 734 747
746: 2175 751 579
747: 745 760 729
748: 748 744
749: 741 753 734
750: 744 771 761
751: 2420 2257 746
752: 743 759 768
753: 763 749 760
754: 2075 759 2080
755: 1918 765 2159
756: 741 766 763 742
757: 770 736 758
758: 757
759: 752 754 768
760: 772 753 747
761: 750
762: 766
763: 756 776 753 769
764: 771
765: 755 2420 1916
766: 776 762 756 777
767: 2281
768: 759 752 2083
769: 763
770: 783 2283 757
771: 773 764 750
772: 1940 760 774 785
773: 778 771 782
774: 772 1962 2282
775: 779
776: 780 766 786 763
777: 766 788 786 1939
778: 781 773 801
779: 775 782 800
780: 785 776 793
781: 806 783 778
782: 779 800 773
783: 784 781 770
784: 810 783 787
785: 780 795 772
786: 1944 776 1942 777
787: 790 784 789
788: 777 797 792
789: 815 791 787
790: 814 812 787
791: 1962 807 789
792: 788 1944 799
793: 780 1949 1942
794: 797
795: 785 1949 798
796: 802 1940 798
797: 788 804 799 794
798: 796 795 2664
799: 797 1954 1953 792
800: 801 782 779
801: 800 803 778
802: 2073 809 796
803: 806 805 801
804: 797 813 808 821
805: 803 2280 824
806: 803 810 781
807: 809 816 791
808: 811 804 839
809: 807 2664 802
810: 806 784 812 825
811: 808 813 840
812: 814 790 810 820
813: 804 811 817
814: 812 815 790
815: 814 816 789
816: 815 822 807
817: 813 818 842
818: 817 819 845
819: 818 821 838
820: 837 825 812
821: 819 836 804
822: 2279 816 828
823: 827 831
824: 827 834 805
825: 841 820 810 834
826: 828
827: 823 824 833
828: 829 826 822
829: 830 828 843
830: 849 832 829
831: 823 833
832: 830
833: 827 831 835
834: 824 835 825
835: 847 833 834
836: 2278 821 2158
837: 820 841 846
838: 844 819 848
839: 840 862 808
840: 811 859 839 842
841: 847 837 825
842: 840 845 817 855
843: 846 849 854 829
844: 838 2278 853
845: 861 818 842 848
846: 843 852 837
847: 841 835 850
848: 838 853 845
849: 843 856 830
850: 847 852 858
851: 863
852: 858 850 846
853: 844 848 861
854: 856 843 860
855: 842 864 859
856: 854 857 849
857: 856
858: 852 860 850
859: 840 862 855
860: 854 858 2663
861: 863 845 853
862: 2074 839 859 2434
863: 864 861 851
864: 863 865 855
865: 866 864
866: 865
867: 912 927 923
868: 931 936 923
869: 1363 204 197
870: 1570 62 1546
871: 1577 1546 1376 874
872: 123 51 45
873: 189 45 287
874: 1545 889 871
875: 146 144 881
876: 883 884 1545
877: 63 61 1738
878: 215 890 1889
879: 882 884 62 1737
880: 881 110 145
881: 880 875 887
882: 879 1737 1738
883: 876 888 886
884: 879 886 2624 876
885: 896 214 2102
886: 1624 884 883 894
887: 900 881 143
888: 894 883 889
889: 896 874 888
890: 108 878 222
891: 147 2624 46
892: 904 222 230
893: 116 227 224
894: 888 909 886
895: 2747 897 2650 2746
896: 885 889 901 909
897: 895 911 928
898: 314 6 2625
899: 108 120 2528
900: 1626 1619 887
901: 1791 896 1792
902: 46 84 1627
903: 119 905 120
904: 892 117 2527
905: 2527 17 903 1766
906: 916 920 913
907: 332 316 1599
908: 1794 1396 261
909: 894 896 1623
910: 2102 239 1791
911: 916 897 938
912: 48 867 321 323
913: 1798 925 906
914: 1619 921 922 36
915: 922 1619 1620
916: 911 920 906 938
917: 919 70 117
918: 1798 924 930
919: 917 929 253
920: 916 925 942 906
921: 1739 914 935 7
922: 34 914 915 7
923: 927 867 868
924: 918 933 937
925: 920 930 913 950
926: 1743 2538 68
927: 932 923 867
928: 897
929: 919 1768 1767 259
930: 925 937 918 963
931: 80 868 961
932: 332 1598 927 1597
933: 924 939 941
934: 1602 73 72
935: 351 35 921 148
936: 868 1597 1608
937: 930 939 924 959
938: 942 916 911
939: 937 944 933 957
940: 968 952 2511
941: 933 87 944
942: 938 920 950
943: 955 72 1596
944: 939 941 2738
945: 1600 1785 965
946: 118 947 335
947: 956 946 15
948: 949
949: 954 948 1767
950: 925 942 964
951: 87 958 2738
952: 50 961 940
953: 1617 960 1616 34
954: 949
955: 972 943 969
956: 337 947 341
957: 959 939 958
958: 957 951 2738
959: 963 957 937
960: 43 979 953 2617
961: 952 931 2241
962: 1603 965 1785 2643
963: 966 964 959 930
964: 966 963 950
965: 962 1783 945 1601
966: 963 964 970
967: 348 970 40 1795
968: 340 50 940 973
969: 977 1605 955
970: 967 966 988
971: 1603 5 2617
972: 978 955 1595
973: 81 968 50
974: 501 2648 983
975: 976 1618 1614
976: 2621 975 1616
977: 969 978 2471
978: 972 977 1782
979: 960 1616 987 1610
980: 5 984 997
981: 985
982: 1611 5 1610 984
983: 985 974
984: 982 980 993
985: 983 981 986
986: 988 989 985
987: 1613 1612 979
988: 986 970 989
989: 58 986 988
990: 992 501 991
991: 990
992: 995 994 990
993: 1611 996 984
994: 58 54 992
995: 992
996: 993
997: 980 999
998: 57 58 1000
999: 997 1018
1000: 998 91 1003
1001: 57 59 91
1002: 2352 59 1005
1003: 1004 1000 1007
1004: 506 1003 502
1005: 2360 1008 1002
1006: 506 1012 1021
1007: 1010 91 1003
1008: 1005 85 1009
1009: 1011 1010 1008
1010: 1012 1007 1009
1011: 1804 1017 1009 85
1012: 1010 1016 1006
1013: 85 2353 1015
1014: 1016 1807 1024
1015: 1017 2354 1013 2359
1016: 1014 1012 1021
1017: 1015 1806 1011
1018: 999 2642 2641
1019: 2641 1020 2050
1020: 1019 1022 2640
1021: 2330 1016 1006
1022: 1020 2640 1025
1023: 1806
1024: 1014
1025: 1028 1022 1026
1026: 1027 1025 1029
1027: 2051 1026 2052
1028: 1025
1029: 1030 1026
1030: 1029 1031
1031: 1032 1038 1030
1032: 1034 1031 1033
1033: 1037 1032 1590
1034: 1037 1035 1032
1035: 1034
1036: 1068 1590 1066
1037: 1034 1033 2519
1038: 1031
1039: 2521 1838 1084
1040: 255 2048 2526
1041: 2048 1044 1047
1042: 1045
1043: 1044 2121 1050
1044: 1043 1041 1775
1045: 1050 1042 1051
1046: 1048 1582 1854 2536
1047: 1057 1041 1780
1048: 1046 1049 1853
1049: 1048
1050: 1052 1045 1054 1043
1051: 1045
1052: 1775 1054 1050
1053: 1774 1776
1054: 1052 1056 1050
1055: 1061 1853 1852
1056: 1773 1059 1054
1057: 1059 1777 1047
1058: 1854 1594 1061 1063
1059: 1056 1774 2047 1057
1060: 1852
1061: 1055 1058 1062 1851
1062: 1061
1063: 1593 22 1058 1850
1064: 1850 21 1065
1065: 21 1064 1849
1066: 1591 1069 1036 1592
1067: 1777
1068: 1036 2535 1071 1848
1069: 1071 1073 1066
1070: 1072 1585 1075 1848
1071: 1077 1069 1068 1086
1072: 1070 1078 1077
1073: 1069
1074: 1097 1834 1076
1075: 1589 1084 1070 1078
1076: 1080 2244 1074 1098
1077: 1087 1071 1072 1086
1078: 1072 1075 1087
1079: 1109 1085 1082
1080: 1076 1093 1104
1081: 1083 13 2531
1082: 1103 1079 1088
1083: 1081 1102 1089
1084: 1588 1085 1039 1075
1085: 1084 2540 1079
1086: 1077 1087 1071
1087: 1088 1077 1078 1086
1088: 1087 1099 1082 23
1089: 1091 1105 1083
1090: 2682 1098 2245
1091: 1094 1089 1111 23
1092: 1097 1839 1834
1093: 1080
1094: 1120 23 1091 1099
1095: 1100
1096: 1102 13 1125 38
1097: 1074 1092 1104 1123
1098: 1076 1090 1100
1099: 1094 1103 1128 1088
1100: 1095 1098 1110
1101: 1110
1102: 1131 1096 1105 1083
1103: 1099 1109 1135 1082
1104: 1097 1117 1080
1105: 1142 1102 1111 1089
1106: 2540 1113 2523
1107: 1116
1108: 1586 2540 2523 2521
1109: 1146 1103 1113 1079
1110: 1101 1100 1116
1111: 1150 1105 1120 1091
1112: 1123 1586 1122 1837
1113: 1106 1109 37
1114: 1118
1115: 1125 1149 38
1116: 1127 1107 1110
1117: 1119 1104 1137
1118: 1127 1114 95
1119: 1117 1121 1137 1832
1120: 1163 1094 1111 1128
1121: 1833 1119 1831
1122: 1132 1129 1112
1123: 1134 1112 1097 1132
1124: 1831 2559 1833
1125: 1115 1131 1096 136
1126: 2422 2523 1587
1127: 1118 1116 1130
1128: 1120 1135 1171 1099
1129: 1144 1587 1141 1122
1130: 1138 1127 2560
1131: 1102 1167 1125 1142
1132: 1122 1143 1123 1144
1133: 1644 1632 1410
1134: 1123
1135: 1128 1146 2418 1103
1136: 1140 139 1165
1137: 1833 1117 1119
1138: 1130 1148 2559
1139: 530 1145 2562
1140: 1136 2760 1154
1141: 1158 1129 1153
1142: 1105 1170 1131 1150
1143: 1132
1144: 1129 1158 2488 1132
1145: 1161 1139 2296 2563
1146: 1135 37 1109 1180
1147: 95 1156 140
1148: 1151 1138 1164
1149: 1115 2413 2447
1150: 1111 1173 1142 1163
1151: 1148 138 1178
1152: 1157 1162 1644
1153: 1166 1843 1141
1154: 1155 1640 1140 435
1155: 1154 1639 1169
1156: 1164 1147 137
1157: 1162 1152 1161
1158: 1141 1144 1166
1159: 1161 1160 1811
1160: 1159
1161: 1157 1159 1145 1811
1162: 1157 1152 1183
1163: 1175 1120 1150 1171
1164: 133 1156 1148
1165: 1172 1825 1136
1166: 1153 1168 1158
1167: 1131 12 136 1170
1168: 1166 1843
1169: 1825 1638 1155
1170: 1142 1167 1173 11
1171: 1163 1177 1128 2417
1172: 1165 137 1181
1173: 1150 11 1170 1175
1174: 1179
1175: 24 1163 1173 1177
1176: 1184
1177: 1423 1171 2417 1175
1178: 1182 1151 134
1179: 1174 1189 1197 1638
1180: 1196 2418 141 1146
1181: 138 1172 1190
1182: 1185 138 1178 134
1183: 2575 1188 1424 1162
1184: 1176 1195 1187
1185: 1182 1190 2558
1186: 2401 2421 1193
1187: 1184 1197 2570 1195
1188: 1183 1963 1428
1189: 1203 1179 1198
1190: 1185 1199 1181
1191: 1637 1715 1713
1192: 1840 1841 2488
1193: 1843 1186 1422 1421
1194: 2578 1200 1211 1811
1195: 1213 1184 1187 1830
1196: 1180 1421 1427
1197: 1203 1187 1179
1198: 1201 1212 1189
1199: 1715 1636 1190 1205
1200: 1204 1194 1210
1201: 1198 1208 1637 1822
1202: 1830 1213 1210
1203: 1189 1197 1212
1204: 1214 1209 1200
1205: 436 1635 1199 134
1206: 99 1424 2034
1207: 1216
1208: 1201 1823 1636 2752
1209: 1219 1215 1204
1210: 1202 1217 1200
1211: 1215 2579 1216 1194
1212: 1203 1198 1218
1213: 1195 1218 1202
1214: 1204 1220 1217
1215: 1209 1211 1222
1216: 1207 2070 1211
1217: 1214 1224 1210
1218: 1822 1221 1213 1212
1219: 1209 1222 1228
1220: 1214
1221: 1218
1222: 1219 1223 1215 1230
1223: 1222
1224: 1817 1233 1217 1819
1225: 2037
1226: 2037 1430 76
1227: 1231 1820 1819
1228: 1219 1230 1817
1229: 2181 631 652
1230: 1222 1232 1813 1228
1231: 1227
1232: 1230
1233: 656 2247 1224
1234: 2030 1235 2031
1235: 1236 2028 1234
1236: 599 1235 2060 1238
1237: 1238 2028 2026
1238: 1237 1236 2062
1239: 1242
1240: 1243
1241: 2206
1242: 1243 1239 1270
1243: 1242 1245 1240
1244: 2458
1245: 2458 2459 1243
1246: 2237 1255 2459
1247: 1251 1248 1252
1248: 1247
1249: 1253
1250: 2295 1253 2206
1251: 1247 2467 1264
1252: 1247 1269 1257
1253: 1249 1262 1250
1254: 1259 1258 1255
1255: 1254 1276 1246
1256: 1266
1257: 1252
1258: 1259 1263 1254
1259: 1258 1267 1268 1254
1260: 1265
1261: 1271
1262: 1253 2290 1278 2294
1263: 1258 1273 1267
1264: 1269 1251 1272
1265: 32 1260 1288
1266: 1256 1306 2207
1267: 1259 1263 1268
1268: 1267 1259 1274
1269: 1252 1264 1271
1270: 1272 1242 2205
1271: 1269 1277 1261
1272: 1270 1277 1264 1290
1273: 1263 1284 1274 1281
1274: 1276 1273 1268 1286
1275: 2294 1287 1278 1280
1276: 1274 1289 1255
1277: 1271 1272 1278 53
1278: 1277 1275 1262
1279: 31 32 1282
1280: 1291 2295 1275
1281: 1284 1273 1292
1282: 1285 1279 1293
1283: 53
1284: 1281 1273 1297 1286
1285: 1288 1282 32
1286: 1298 1284 1289 1274
1287: 1291 1275 1296
1288: 2205 1285 1265 1299
1289: 1303 1276 1286
1290: 2205 1272 1305
1291: 1287 2289 1280
1292: 1294 1281 1309
1293: 1299 1282 1300
1294: 1292 1295 2099
1295: 1294 1297 2098
1296: 2289 1306 1287
1297: 1295 1284 1301 1298
1298: 1286 1308 1297 1303
1299: 1310 1293 1288
1300: 1312 1310 1293
1301: 1297 2460 1311
1302: 1319 1323 2461
1303: 1304 1298 1289
1304: 1303
1305: 1290 2647 53
1306: 2289 1266 1296
1307: 2213
1308: 1315 1298 1311
1309: 31 1292 2099
1310: 1299 1338 1300
1311: 1308 1320 1301
1312: 1300 1316 31
1313: 1317
1314: 1322
1315: 1308
1316: 1312
1317: 1319 1313 1326
1318: 2539
1319: 1302 1325 1317
1320: 1330 1311 1322
1321: 1324 1323 1631 1339
1322: 1314 1320 1331
1323: 1321 1302 1325
1324: 1321 2213 1329
1325: 1319 1326 1323
1326: 1317 1341 1325
1327: 1552 2460 1554
1328: 1343 1336 1552
1329: 1324 2213 1339
1330: 1320
1331: 1334 1765 1322
1332: 2483 2484 1562
1333: 2647 1345 1350
1334: 1340 1331 1557
1335: 1352
1336: 1338 1351 1328
1337: 1358 2647 1344 1345
1338: 1310 1336 2098
1339: 1352 1321 1329
1340: 1348 1334 1357
1341: 1344 1326 2462
1342: 2481 2469 2539
1343: 1346 1328 1551 1351
1344: 1358 1361 1337 1341
1345: 1333 1362 1350 1337
1346: 1343 1364 1569 1349
1347: 1349 1554 1355 1551
1348: 1353 1340 1354
1349: 2479 1347 1346 1356
1350: 1365 1333 1345
1351: 1336 1343 1360
1352: 1339 1335
1353: 1368 1348 2469 1354
1354: 1353 1357 1348
1355: 1356 1765 1557 1347
1356: 1355 1369 1349 1370
1357: 1340 1354 1371
1358: 1362 1337 1344 1367
1359: 196 1538 2718 1744
1360: 1365 1351 1568
1361: 1344
1362: 1358 1345 1375
1363: 2479 869 1547
1364: 1346 197 198
1365: 1373 1350 1360
1366: 2693 1557 1371
1367: 1358 2133 1573
1368: 1353 2532 1746 1536
1369: 1547 1356 190
1370: 1372 1356 2693
1371: 1357 1536 1366
1372: 1370 2693 149
1373: 1376 1365 1377 1568
1374: 1380
1375: 1377 1362 2136
1376: 1373 871 1576 1567
1377: 1375 1373 1378
1378: 1379 2136 1377 1535
1379: 1378 1383 2177 1576
1380: 1374 2492 2623
1381: 2490
1382: 2490 1384 1390
1383: 1379 2095 203
1384: 1382 1392 2510
1385: 1572 1388 1387 1394
1386: 2623 1391
1387: 2510 1385 1573
1388: 213 207 1385
1389: 1391
1390: 1382 1395 1392
1391: 1386 1397 1389
1392: 1393 1384 1390
1393: 1392 1394 2510 1395
1394: 1393 1396 1398 1385
1395: 1390 1393 1397
1396: 1394 1400 213 908
1397: 2639 1391 1395
1398: 1400 1394 2639
1399: 1401 2749 2639
1400: 1396 1398 2750
1401: 1399 2748 1402
1402: 2746 1401 2649
1403: 2649 18 1503
1404: 2646 1497 427
1405: 1721 2131 1722
1406: 1723 1407 1462
1407: 1722 1406 1461
1408: 94
1409: 1646 1410 1700
1410: 1645 1133 1409
1411: 1412 2592 1645
1412: 2591 1411 1646
1413: 2103 2591 2318
1414: 1417 2575 2574 2317
1415: 1419 2317 1417
1416: 1419 2318 1420
1417: 1414 1415 1419
1418: 1420
1419: 1416 1415 1417
1420: 1418 1416 1424
1421: 1429 1196 1193
1422: 29 1429 1193
1423: 1177 1425 1845
1424: 1206 1183 1420
1425: 1426 1423 2400
1426: 2418 1425 1427
1427: 1196 1426 2400
1428: 1188
1429: 1421 1844 1422
1430: 1432 2031 1226
1431: 76 1432 2033
1432: 2571 1430 1431
1433: 1434 2275
1434: 1433 1435 2369
1435: 2369 1434 1436
1436: 2276 1435 1437
1437: 2042 1436 1438
1438: 2041 1437 1439
1439: 2039 1438 1440
1440: 2039 1439 1441
1441: 2470 1440 238
1442: 399 387 386 1443
1443: 383 382 1442
1444: 39 421 1445
1445: 1444
1446: 355 1731 1724
1447: 424 425
1448: 422 420 424
1449: 1450
1450: 1455 1449 1452
1451: 1452
1452: 1451 1450 1453
1453: 1452
1454: 1455 424 132
1455: 1450 1454 1456
1456: 409 1455 1726
1457: 2598 364 2597 1734
1458: 367 1460 1459
1459: 2598 364 1458
1460: 187 1458 356 1507
1461: 1462 1407 187
1462: 1461 1466 1465 1406
1463: 1497 1464 2132
1464: 1502 2131 1463
1465: 1466 1462 1467
1466: 1465 188 1462
1467: 1468 1470 1465
1468: 1467 1469 1473
1469: 1468
1470: 1467 1471 1473
1471: 1470 1472 2325
1472: 1471
1473: 1470 1468 109
1474: 109 1476 1483
1475: 1477 2594 1491
1476: 1479 1474 1487
1477: 1475 1498 1479
1478: 1479 1491 1487
1479: 1477 1476 1478
1480: 109 1481 1482
1481: 1480
1482: 1480
1483: 1499 1474 1488
1484: 1489 1486 1499
1485: 1500 1492 93
1486: 1499 1484 93
1487: 1488 1478 1476
1488: 1487 1483 2593
1489: 1500 1484 1490
1490: 2593 1501 1489
1491: 2593 1478 1475
1492: 1485 2596 1496 1501
1493: 1496 2596 1498
1494: 1495 93 1496
1495: 1494 2651 2106
1496: 1493 1492 1494
1497: 1527 1463 1404
1498: 1477 1493 1527
1499: 1483 1486 1484
1500: 1485 1489 1501
1501: 1490 1492 1500
1502: 19 2757 1464 2758
1503: 1403 2757 1504 2758
1504: 440 426 1503
1505: 1506 2493 2500
1506: 1505 1507 2500
1507: 187 1460 1506
1508: 2493 2496
1509: 2495 2494 2498
1510: 1735 1732 2006
1511: 411 381 1512
1512: 381 418 382 1511
1513: 1514 1968 552
1514: 106 1513 2651
1515: 1521 1518 1517
1516: 1517
1517: 1516 1515 2242
1518: 1515
1519: 471 1520 1524
1520: 1525 26 1519 2107
1521: 1531 1515 500
1522: 488 563 564
1523: 25 1525 1526 546
1524: 546 1525 1519
1525: 1523 1520 1524 1526
1526: 28 1523 1525
1527: 1497 1498 2107
1528: 1529 567 1810 570
1529: 1528
1530: 497 493 492
1531: 497 1521 1532
1532: 1531
1533: 566
1534: 537 463 457
1535: 2134 2135 1378
1536: 2487 1368 1371
1537: 2487 1543 1539
1538: 2534 1359 2734
1539: 2487 1746 1537
1540: 279 2729 1745 2732
1541: 2728 111 2723 1542
1542: 2727 217 1541 2529
1543: 1537 151 1544 150
1544: 280 151 1543
1545: 874 876 1546
1546: 1545 871 870
1547: 123 1369 1363
1548: 289 287 149 88
1549: 291 1550 285
1550: 151 1549 2486
1551: 1555 1347 1343
1552: 1327 1555 1328
1553: 1554
1554: 1347 1327 1553 1555
1555: 1552 1551 1554
1556: 2100 204 126
1557: 1334 1366 1355
1558: 2716 1745 279 1744
1559: 1560 2676 1564
1560: 1559 2716 1561
1561: 1562 1564 1560
1562: 1561 1563 1332
1563: 1564 2137 1562
1564: 1561 1563 1559
1565: 1566 1570 198
1566: 1565 1570 1567 1569
1567: 1569 1568 1376 1566
1568: 1567 1360 1373
1569: 1567 1346 1566
1570: 1566 870 1565
1571: 1572 113 112
1572: 1385 1571 1574
1573: 1574 1367 1387
1574: 1575 1573 1572 2177
1575: 112 2095 1574 2097
1576: 1379 1376 1577
1577: 203 871 1576 214
1578: 2544 341 2543
1579: 343 2520 1580
1580: 1581 2524 1579
1581: 1580 2536 1582
1582: 1046 2699 1581 1583
1583: 1594 1854 1582 2699
1584: 1592 2653 1591
1585: 2546 1070 1589
1586: 1112 1108 2522 1836
1587: 1129 1126 2522 2423
1588: 1084 1589 1838
1589: 1075 1585 1588
1590: 2535 1036 1591 1033
1591: 1066 1584 1590
1592: 1584 1066 22
1593: 1063 1594 2653
1594: 1058 1583 1593
1595: 972 1607 336
1596: 943 1598 336
1597: 336 936 1608 932
1598: 932 1599 1596
1599: 907 72 6 1598
1600: 945 73 1601 2628
1601: 1600 1602 965
1602: 1604 934 1601
1603: 43 971 962
1604: 1605 1602 1784
1605: 969 1604 1606
1606: 1605 1606
1607: 1595 1782 1609
1608: 1609 1597 936
1609: 2240 1607 1608
1610: 982 1612 2617 979
1611: 982 993 4 1612
1612: 1610 987 1802 1611
1613: 987 1615 1802
1614: 1615 975 2367
1615: 1613 1787 1614
1616: 979 1787 953 976
1617: 953 2621 142
1618: 1790 975 1789 142
1619: 900 914 915
1620: 1621 915 1627
1621: 34 1620 1622
1622: 84 1623 1621
1623: 1622 1790 909
1624: 886 84 1625
1625: 1624
1626: 110 900 1627
1627: 1626 1620 902
1628: 468 1629 507
1629: 504 1628 448
1630: 538
1631: 1321
1632: 1643 1702 1133
1633: 2565 2561 435
1634: 1635 436 1717
1635: 1636 1634 1205
1636: 1199 1635 1716 1208
1637: 1191 1201 1714 1716
1638: 1169 2567 1179 1639
1639: 1155 1640 1638 2570
1640: 1154 1639 1641
1641: 435 2561 1640
1642: 1702 1704 1643
1643: 1632 1644 1642
1644: 1133 1152 1645 1643
1645: 1410 1646 1411 1644
1646: 1409 1645 1412 1701
1647: 491 1694 1696
1648: 561 489 1692 1694
1649: 487 485 1691 1692
1650: 551 481 1687 1689
1651: 550 479 1652 1687
1652: 549 548 1651 1686
1653: 473 475 1654 1683
1654: 472 544 1681 1653
1655: 543 1677 1674
1656: 1659 1657 1661
1657: 430 1658 1656
1658: 2646 429 457 1657
1659: 1656 1662 430
1660: 19 427 2622
1661: 1662 1656 1663
1662: 1661 431 1659
1663: 431 1661 1664
1664: 1665 1663 1666
1665: 1664 1667 431
1666: 1667 1664 1668
1667: 1666 1669 1665
1668: 1669 1666 1670
1669: 1668 1671 1667
1670: 1671 1668 1672
1671: 1670 1673 1669
1672: 1673 1670 1674
1673: 1672 1675 1671
1674: 1675 1672 1655
1675: 1674 543 1673
1676: 1678 543 1677
1677: 1676 1655 1679
1678: 1680 1676 1679
1679: 1678 1677 1681 1964
1680: 472 1678 1681
1681: 1680 1679 1654
1682: 1683 433 473
1683: 1682 1653 1684
1684: 433 1683 1686
1685: 1686 548 433
1686: 1685 1684 1652
1687: 434 1651 1650
1688: 510 1689 1690 516
1689: 1688 1650 1691
1690: 510 1688 511
1691: 516 1689 1649
1692: 520 1649 1648
1693: 490 489 1694
1694: 1693 1648 1647
1695: 490 1696 528
1696: 1695 1647 1697
1697: 528 1696 1699
1698: 1699 1700 528
1699: 1698 1697 1701
1700: 1701 1409 1698
1701: 1700 1699 1646
1702: 1642 1703 1632
1703: 529 1704 1702
1704: 1703 1642 1705
1705: 529 2296 1704
1706: 114 530 1707
1707: 1706 2563 1708
1708: 114 1707 1710
1709: 1711 114 1710
1710: 1709 1708 1712
1711: 2566 1709 1712
1712: 1711 1710 1827
1713: 1825 1714 1191
1714: 1713 2567 1637
1715: 1199 1716 1191
1716: 1715 1636 1637
1717: 1634 2406 1718
1718: 596 436 1717
1719: 1720 2583 2691
1720: 2687 1719 2686
1721: 1405 1723 2132
1722: 1407 1723 1405
1723: 1406 1722 1721
1724: 1446 1731 1725
1725: 1728 380 1724
1726: 380 408 1456
1727: 1729 408 132
1728: 1725 1729 380
1729: 1728 1727 408
1730: 605 2008 2508
1731: 1446 353 1724
1732: 1510 1736 2004
1733: 1734 371 364
1734: 369 1457 1733
1735: 1510 403 96
1736: 1732 52 2005
1737: 208 882 879
1738: 882 2624 877
1739: 921 41 36
1740: 333 329 121
1741: 121 297 2701
1742: 121 320 334
1743: 926 333 337
1744: 2734 2717 1558 1359
1745: 1558 2734 1540
1746: 2533 1368 1539
1747: 2110 131 1748
1748: 2000 2110 1747
1749: 2506 1750 2504
1750: 1752 2472 1997 1749
1751: 1752 1753 1997
1752: 1751 1750 1753
1753: 1751 1752 1754
1754: 1753
1755: 2473 1761 2472
1756: 2473 1757 2472
1757: 1758 1756 1760
1758: 1757 1760 2473
1759: 1760
1760: 1759 1757 1758
1761: 1762 601 1755
1762: 601 1761 1763
1763: 1762 163 601
1764: 1765
1765: 1331 1355 1764
1766: 247 127 905
1767: 949 929 1768
1768: 929 1767 344
1769: 259
1770: 65
1771: 1772 2239 255
1772: 1771
1773: 1776 1056 1774
1774: 1053 1773 1059
1775: 1052 1776 1044
1776: 1773 1775 1053
1777: 1778 1067 1057
1778: 1779 1777 1874
1779: 1778
1780: 1781 1870 1047
1781: 1780 1873 1872
1782: 1607 2139 978
1783: 2643 2645 965
1784: 2645 2644 1604 2743
1785: 1786 945 2628 962
1786: 351 148 1785
1787: 1616 1615 1788
1788: 1787
1789: 1618
1790: 1623 1618 47
1791: 910 901 47
1792: 901
1793: 240 233 1794
1794: 248 908 1793
1795: 263 1796 967
1796: 1795
1797: 263 348 1798
1798: 913 918 1797
1799: 74 264 271
1800: 2335 10 2336
1801: 1802 2324 1803
1802: 1613 1612 1801
1803: 270 269 1801
1804: 1011 2332 1805
1805: 1804 1806 2334
1806: 1017 1023 1805
1807: 1808 1014 2332
1808: 1807
1809: 2038 2330 553
1810: 1528
1811: 1161 1159 1812 1194
1812: 1811
1813: 1814 1815 1230
1814: 1813
1815: 1813
1816: 1817
1817: 1224 1816 1228
1818: 1819
1819: 1818 1224 1227
1820: 1227 2181 1821
1821: 1820
1822: 1218 1823 1201
1823: 1824 1208 1822
1824: 1823
1825: 1713 1169 2567 1165
1826: 2760
1827: 2566 1712 2564 1828
1828: 1827
1829: 1830
1830: 1202 1829 1195
1831: 1832 1121 1124
1832: 1831 2560 1119
1833: 1121 1137 1124
1834: 1092 1074 1835
1835: 1834
1836: 1838 1837 2521 1586
1837: 1836 1112 1839
1838: 1836 1839 1039 1588
1839: 1838 1837 1092
1840: 1192 2407 1936
1841: 2407 1842 1192
1842: 2408 2409 1841
1843: 1193 1153 1168
1844: 1429
1845: 1423 24 1846
1846: 1845
1847: 1848
1848: 2546 1070 1068 1847
1849: 1065 1878 2531
1850: 1064 1851 1063
1851: 21 1850 1061
1852: 1060 1055 2515
1853: 1055 1854 1048
1854: 1058 1853 1583 1046
1855: 1856 1877 1869
1856: 1860 1859 1855
1857: 335 2518 1859
1858: 2520 342 2518 343
1859: 1860 1857 1856
1860: 1856 1869 1859
1861: 1862 2711 1863
1862: 1861 1869 1864
1863: 1864 1861 1865
1864: 1863 1862 1866
1865: 1866 1863 1867
1866: 1865 1864 1867
1867: 1865 1866 1868
1868: 1867 2516 2675
1869: 1870 1860 1855 1862
1870: 1872 1869 1780
1871: 1875 1873 2541
1872: 1873 1870 1781
1873: 1871 1781 1872
1874: 1876 1875 1778
1875: 1871 1876 1874
1876: 1874 2202 1875
1877: 1878 1855
1878: 1849 1877
1879: 125 222 2046
1880: 1881 1882 1883
1881: 1880 1884 1882
1882: 1881 129 1880
1883: 1880 1885 1884
1884: 2053 1881 1883
1885: 1887 1883 1886
1886: 2053 1888 1885
1887: 1885 125 1888
1888: 1889 1886 1887
1889: 125 1888 878
1890: 2272 1891 2173
1891: 2273 1898 1890
1892: 1895 1897 1896
1893: 1895 2085 2163
1894: 1895
1895: 1892 1893 1894
1896: 1892
1897: 1898 1892 2274
1898: 1897 1899 1891
1899: 1900 1898 2120
1900: 1899
1901: 2271 1902 579
1902: 101 1901 1904
1903: 101 2287 1904
1904: 1902 2286 1903
1905: 1909 1906 2117
1906: 1907 1905 1911
1907: 1908 1906 1913
1908: 1907 1915 1910
1909: 1905 1911 2119
1910: 1915 1908 2147
1911: 1913 1909 1912 1906
1912: 1911
1913: 1915 1911 1907 1914
1914: 1913
1915: 1910 1913 1908
1916: 2115 2420 765
1917: 1918 2433 1919
1918: 2113 755 1917 103
1919: 1917
1920: 1921 102 1923
1921: 1920 1933 1922
1922: 2299 1921 1925 2178
1923: 1933 1924 1920
1924: 2178 2298 1923
1925: 1927 1922 1928
1926: 1930 1928 1932 1931
1927: 1925 1929 1928
1928: 1930 1926 1927 1925
1929: 1930 1931 1927
1930: 1929 1926 1928
1931: 1932 1929 1926
1932: 2083 1931 1926
1933: 1923 1921 2178
1934: 597 1 1935
1935: 1936 1934 2488
1936: 1935 1840 593
1937: 643
1938: 678
1939: 777
1940: 796 772 1941
1941: 1940
1942: 793 786 1945
1943: 1945 1946 1955
1944: 786 1945 792
1945: 1943 1942 1944
1946: 1950 1943 1960
1947: 1961 1948 1950
1948: 1959 1947 2665
1949: 795 793 1950
1950: 1946 1949 1947
1951: 1955 1953 1952
1952: 1956 1954 1951
1953: 1951 1954 799
1954: 1952 1953 799
1955: 1943 1951 1960
1956: 1952 1960 1957
1957: 1956 1961 2434
1958: 2216 2394 1959
1959: 1961 1958 1948
1960: 1956 1955 1946
1961: 1959 1947 1957
1962: 791 2284 774
1963: 1188
1964: 544 469 1679
1965: 28 1968 1967
1966: 1967
1967: 1968 1966 1965
1968: 1513 1967 1965
1969: 104
1970: 1973 1971 602
1971: 2547 1973 1970
1972: 1983 1982 1986
1973: 2553 1970 1971
1974: 2193 2555 1979
1975: 1976 1981 1980
1976: 1975
1977: 1978 1981 1979
1978: 1977 1979 1982
1979: 1978 1977 1974
1980: 1982 1975 1981
1981: 1975 1977 1980
1982: 1980 1972 1978
1983: 1972 2547
1984: 2552 1985 2193
1985: 1984
1986: 1972 1988 1987
1987: 2599 1988 1986
1988: 2599 1987 1986 1991
1989: 1994 1992 1995
1990: 1994 1993 176
1991: 1988 1993 1992
1992: 1989 2599 1991
1993: 1994 1991 1990
1994: 1993 1990 1989
1995: 1989
1996: 1997 1998
1997: 1996 1750 1751
1998: 1996 176
1999: 131
2000: 1748 2001 2474
2001: 2000
2002: 97 2007 2497 2501
2003: 97 2312
2004: 1732
2005: 1736
2006: 1510
2007: 2197 2002 2008 124
2008: 1730 2507 2007
2009: 2010
2010: 172 2009 2011
2011: 2010
2012: 2660 2688 2013
2013: 2012
2014: 2187 2660 2015
2015: 2014
2016: 2063 2067 2017
2017: 2019 2018 2016
2018: 2017
2019: 2017 2063 2185
2020: 2024 2584 2022
2021: 2022
2022: 2021 2020 2023
2023: 2022
2024: 2026 2025 2020
2025: 2024
2026: 2024 1237 2027
2027: 2026
2028: 1237 1235 2029
2029: 2028
2030: 1234
2031: 2032 1234 1430
2032: 2031
2033: 1431
2034: 99 2035 1206
2035: 2036 2034 2037
2036: 76 99 2035
2037: 1226 1225 2035
2038: 509 1809 2636 2331
2039: 1440 1439 2040
2040: 2039
2041: 1438
2042: 1437 2044 2043
2043: 2042
2044: 2045 2042 2369
2045: 2315 2044
2046: 1879
2047: 1059
2048: 1040 1041 2049
2049: 2048
2050: 1019
2051: 1027
2052: 1027
2053: 1886 1884 2054
2054: 2053
2055: 2581
2056: 2582 2058 2057
2057: 2056
2058: 2056 2064 2059
2059: 2058
2060: 1236 2061 2068
2061: 2065 2060 2062
2062: 600 1238 2061
2063: 2016 2019 2064
2064: 2066 2058 2063
2065: 2066 2061 600
2066: 2064 2065 2067
2067: 600 2016 2066
2068: 2060
2069: 2070
2070: 2577 1216 2069 2071
2071: 2070
2072: 708
2073: 802
2074: 862
2075: 754
2076: 732
2077: 737 2263 2267 2265
2078: 737
2079: 728 732 2080
2080: 2269 754 2079
2081: 2087 2089 2088
2082: 2084
2083: 1932 743 768
2084: 2085 2087 2082
2085: 2084 1893 2086
2086: 2085
2087: 2084 2081 2370
2088: 2092 2081
2089: 2081
2090: 2092 579 2156
2091: 2156
2092: 2088 2090 2093
2093: 2092 2094
2094: 2093 2145 2151 2150
2095: 1575 1383 2096
2096: 210 212 2095
2097: 1575
2098: 2099 1295 1338
2099: 2098 1294 1309
2100: 1556 2101 82
2101: 208 61 2100
2102: 218 910 885
2103: 1413 2317 2592 2574
2104: 573
2105: 494
2106: 2106 1495
2107: 1527 1520 2108
2108: 2107
2109: 131 2502
2110: 1747 1748 2503
2111: 2377 153 2112
2112: 2375 2111 2373
2113: 717 1918 2114
2114: 2113
2115: 103 1916 2146
2116: 2146
2117: 2287 1905 2118
2118: 2117
2119: 1909
2120: 1899
2121: 1043
2122: 2516
2123: 66
2124: 346
2125: 2751 2127 2445
2126: 2129 576 2445 2128
2127: 2125 2128 2
2128: 580 2127 2 2126
2129: 582 580 2126
2130: 2144 2688 2689
2131: 2132 2614 1464 1405
2132: 2131 1721 1463
2133: 2176 1367 2135
2134: 1535 2135 2176
2135: 1535 2134 2133 2136
2136: 1375 1378 2135
2137: 1563 2744 2745
2138: 2176
2139: 2240 1782
2140: 2177
2141: 191 193 152
2142: 2381 2380 2684
2143: 2154 2149 2667
2144: 2130 192 2154
2145: 2094
2146: 2116 2115 2147
2147: 1910 2151 2146
2148: 2151
2149: 2381 2143 2152
2150: 2094
2151: 2094 2148 2147
2152: 2655 2149 2153
2153: 2152
2154: 2144 2143 2554
2155: 2554
2156: 2091 2090 2157
2157: 2156
2158: 836
2159: 755
2160: 2161 575 2657
2161: 2160
2162: 2180 2291 2292
2163: 2371 2415 1893
2164: 2371 2526
2165: 578 2433 2166
2166: 2165
2167: 2433 2452 2170
2168: 578 2438 2170
2169: 2171
2170: 2171 2167 2168
2171: 2170 2169 2451
2172: 2452 2451 2258
2173: 2175 2174 1890
2174: 2175 3 2173
2175: 746 2174 2173
2176: 2133 2177 2134 2138
2177: 2140 2176 1574 1379
2178: 1933 1922 1924 2299
2179: 2180 2751 2449
2180: 2162 583 2179
2181: 1229 2182 1820 2183
2182: 2181
2183: 635 2181 2752
2184: 2507
2185: 2019 2187 2188
2186: 2188 2189
2187: 2189 2185 2014
2188: 2186 2185
2189: 2187 2186 2190
2190: 2189
2191: 2550 607 173
2192: 165 168 2659
2193: 1974 607 1984
2194: 606 2548 2549 174
2195: 2196 2197 2199
2196: 2195 2256 174
2197: 2007 124 2195 2199
2198: 2199 604 124 2255
2199: 2198 2195 2197
2200: 2306 2201
2201: 2200
2202: 2204 1876 2203
2203: 2202
2204: 2202
2205: 1290 1288 1270
2206: 2208 1241 1250 2288
2207: 2212 1266 2211
2208: 2211 2206 2209
2209: 2208
2210: 2212
2211: 2212 2207 2208
2212: 2210 2211 2207
2213: 1324 1307 1329
2214: 499
2215: 499
2216: 2219 1958 2217
2217: 2218 2221 2216
2218: 2220 2217 2219
2219: 2216 2218 2220
2220: 2218 2223 2219
2221: 2217 2222 2394
2222: 2221 2223
2223: 2222 2220
2224: 2225
2225: 2226 2232 2224
2226: 2225
2227: 2229 2232 2454
2228: 2229
2229: 2227 2228 2230
2230: 2231 2229 2232
2231: 2230
2232: 2225 2230 2227
2233: 193 2456 2454
2234: 2247 599 2249
2235: 2236
2236: 2235 32 2237
2237: 2238 2236 1246
2238: 2237
2239: 1771
2240: 2139 1609 2241
2241: 2240 961 2698
2242: 1517
2243: 500
2244: 1076
2245: 1090
2246: 595 1 0
2247: 1233 2234 2569
2248: 2569
2249: 2253 2234 2569
2250: 2253 2251 599
2251: 2250 2252 2253
2252: 2251
2253: 2250 2249 2251
2254: 2476
2255: 2256 2476 2198
2256: 2196 2255 2611
2257: 3 2258 751
2258: 3 2257 2172
2259: 2399 2260 740
2260: 2259
2261: 2262
2262: 739 2263 2261
2263: 2262 2077 2399
2264: 739
2265: 2077
2266: 674
2267: 2077
2268: 2269
2269: 2080 2268 732
2270: 103
2271: 1901
2272: 1890
2273: 1891
2274: 1897
2275: 1433 2368
2276: 1436
2277: 2278
2278: 836 844 2277
2279: 822
2280: 805
2281: 2282 738 767
2282: 2281 774 731
2283: 770
2284: 1962
2285: 2287
2286: 1904
2287: 2117 1903 2285
2288: 2206
2289: 1306 1296 1291
2290: 1262
2291: 2293 2292 2162
2292: 2291 2293 2162
2293: 2292 2291 162
2294: 1275 2295 1262
2295: 2294 1280 1250
2296: 1705 1145 2562
2297: 2300 2298 2299
2298: 2297 2299 1924
2299: 2298 1922 2297 2178
2300: 2297
2301: 486 559 2302
2302: 2301
2303: 2464 2306 2304
2304: 2464 2305 2303 2465
2305: 2304 2465 2467
2306: 2467 2303 2200
2307: 2311
2308: 2310
2309: 2310
2310: 2308 2309 2313
2311: 2307 2313 2312
2312: 2311 2003
2313: 2310 2311
2314: 2315
2315: 2736 2314 2045
2316: 157 155 2374
2317: 1415 2103 2318 1414
2318: 1413 1416 2317
2319: 2574 2322 2320
2320: 2319
2321: 2322
2322: 2319 2321 2323
2323: 2322
2324: 2364 264 1801
2325: 2692 1471 2651
2326: 2432 2327 617
2327: 616 2405 2326
2328: 611 620 2329
2329: 2328
2330: 1021 2331 1809
2331: 2631 2330 2038
2332: 2333 1807 1804
2333: 2332
2334: 1805
2335: 1800
2336: 1800
2337: 2338 2357 2340
2338: 2337 2339 2742
2339: 2340 2347 2338
2340: 2339 2337 2341
2341: 2347 2340 2343
2342: 2346
2343: 2346 2344 2341
2344: 2345 2343 2349
2345: 2344 2349 2346
2346: 2342 2343 2347 2345
2347: 2341 2346 2339
2348: 2355 2359 2357
2349: 2345 2344 2741
2350: 2362 2351 2352
2351: 2350 2362 56
2352: 2350 1002 2361
2353: 2354 2360 1013
2354: 2359 2353 2355 1015
2355: 2348 2358 2354 2360
2356: 2358
2357: 2358 2348 2337
2358: 2356 2357 2355
2359: 2354 2348 1015
2360: 1005 2353 2355 2361
2361: 2352 2360 2362
2362: 2350 2361 2351
2363: 2365 44 2364
2364: 2324 2363 2365
2365: 2363 2364 2367
2366: 2367
2367: 2366 2365 1614
2368: 2275
2369: 2044 1435 1434
2370: 2087
2371: 2164 2163 2372
2372: 2371
2373: 2655 2112 2554
2374: 2316 2375
2375: 2374 2112
2376: 2377
2377: 2378 2111 2376
2378: 2377
2379: 98
2380: 2142 2666
2381: 2149 2142 2683
2382: 193
2383: 2385
2384: 2385
2385: 2384 2386 2383
2386: 2385 2388 98
2387: 2388
2388: 2386 2387
2389: 658 2443 2441
2390: 658 649 2391
2391: 2444 644 2390
2392: 2466 2393
2393: 2392
2394: 1958 2434 2221
2395: 2396 633 2556
2396: 2556 2397 2395
2397: 2396 641 2416
2398: 740 739 2399
2399: 2259 2398 2263
2400: 1425 1427 2657
2401: 1186 2421 2428 2430
2402: 622 585 584
2403: 2409 29 588
2404: 581 580 577
2405: 0 2327 619
2406: 437 1717 596
2407: 1841 2408 1840
2408: 592 1842 2407
2409: 2403 587 1842
2410: 628
2411: 619 2431 628
2412: 2413 135 2419
2413: 136 2412 1149
2414: 2415
2415: 2163 2419 2414
2416: 657 622 2397
2417: 1177 2418 1171
2418: 1426 1135 2417 1180
2419: 2415 2412 2435
2420: 751 1916 765
2421: 1186 2401 2427
2422: 30 1126 2423
2423: 1587 2424 2422
2424: 2423 2426 30
2425: 2426 2428 30
2426: 2424 2425 2427
2427: 2428 2426 2421
2428: 2427 2401 2425
2429: 37 141 2430
2430: 141 2401 2429
2431: 2411 2432
2432: 2431 2326
2433: 2167 1917 2165
2434: 2394 1957 862
2435: 2438 2419 2436
2436: 2435 2437 2438
2437: 2436
2438: 2168 2435 2436
2439: 2440
2440: 648 660 2439
2441: 2442 2444 2389
2442: 665 670 2441 651
2443: 2389 688 665
2444: 2391 2441 646 658
2445: 2125 2126 576
2446: 2447 2446
2447: 2446 1149 2448
2448: 2447
2449: 2179 575 2751
2450: 2451
2451: 2452 2172 2171 2450
2452: 2451 2172 2167
2453: 164 156 170
2454: 2457 2227 2233
2455: 2456 2457
2456: 2233 2455
2457: 2455 2454 2656
2458: 2459 1245 1244
2459: 2458 1246 1245
2460: 1301 1327 2468
2461: 1302
2462: 1341
2463: 2464 2465 2466
2464: 2463 2304 2303
2465: 2463 2305 2304 2466
2466: 2392 2463 2465
2467: 2306 1251 2305
2468: 2460
2469: 2539 1342 1353
2470: 1441
2471: 977
2472: 1755 1750 1756
2473: 1756 1755 1758
2474: 2000
2475: 176
2476: 2503 2504 2254 2255
2477: 201 126 200
2478: 2479
2479: 1363 1349 2478
2480: 2539 2483 2481
2481: 1342 2480 2482
2482: 2485 2481 2484
2483: 1332 2484 2480
2484: 1332 2482 2483
2485: 2718 2720 2482
2486: 1550 2486
2487: 1537 1536 1539 2693
2488: 2489 1935 1192 1144
2489: 2488
2490: 1381 1382 2491
2491: 2490
2492: 1380
2493: 1505 1508 2496
2494: 1509 2500 2498
2495: 1509 2496 2497
2496: 1508 2495 2497 2493
2497: 2002 2495 2496
2498: 2494 1509 2499
2499: 2498
2500: 2494 1506 1505
2501: 2002
2502: 2109 97
2503: 2476 180 2110
2504: 2476 1749 2505
2505: 2504
2506: 1749
2507: 2008 132 2184
2508: 2604 605 1730
2509: 2601 2603 2604
2510: 1387 1393 1384
2511: 340 78 940
2512: 286 288 2513
2513: 2512 286 300
2514: 2525 251 247
2515: 1852
2516: 1868 2710 2122
2517: 2543 342 118
2518: 1858 343 1857
2519: 2546 1037 2535
2520: 1858 2542 1579
2521: 1039 1836 1108
2522: 1586 1587 2523
2523: 1126 2522 1106 1108
2524: 2536 1580 343
2525: 2514 251 2727 327
2526: 2164 1040 2736
2527: 905 17 120 904
2528: 227 108 899
2529: 215 2530 1542
2530: 215 2529 224
2531: 38 1849 1081
2532: 196 1368 2533
2533: 1746 2534 2532
2534: 2533 1538 196
2535: 1590 1068 2519
2536: 2524 1581 1046
2537: 2702 329 326
2538: 15 926 335
2539: 2469 1342 1318 2480
2540: 1106 1108 1085
2541: 1871
2542: 342 2520 83 2543
2543: 2517 1578 2544 2542
2544: 1578 118 2543
2545: 2720 2545
2546: 2519 1585 1848
2547: 1971 1983
2548: 2194 2549 175 174
2549: 2548 173 2194
2550: 2191 2551 173
2551: 20 2550 2555
2552: 1984
2553: 1973
2554: 2154 2373 2155
2555: 1974 608 2551
2556: 2396 2658 2395
2557: 94
2558: 1185
2559: 2560 1124 1138
2560: 2559 1130 1832
2561: 2564 1633 1641
2562: 529 2296 1139
2563: 1145 1707 530
2564: 2561 2565 1827
2565: 1633 2564 2566
2566: 1711 1827 2565
2567: 1638 1825 1714
2568: 701 696 715
2569: 2249 2248 2247
2570: 2576 1639 1187
2571: 2572 2573 1432
2572: 2571
2573: 2571
2574: 2319 2575 1414 2103
2575: 1183 2574 1414
2576: 2570
2577: 2577 2070
2578: 1194
2579: 1211
2580: 2582
2581: 2590 2055 2582
2582: 2581 2056 2580
2583: 2686 52 1719
2584: 2020
2585: 716
2586: 666
2587: 632 667 625
2588: 632 638 635
2589: 638 635 640
2590: 2581
2591: 1412 1413 2592
2592: 2103 2591 1411
2593: 1491 1490 1488
2594: 1475 2595
2595: 2594 2596
2596: 1493 1492 2595
2597: 2598 1457 360
2598: 1459 1457 2597
2599: 1988 1987 1992
2600: 2603
2601: 2509
2602: 2603
2603: 2600 2602 2509
2604: 2508 2509
2605: 2609 2605
2606: 2610 2606
2607: 2611 2607
2608: 2609
2609: 2610 2605 2608
2610: 2609 2611 2606
2611: 2610 2607 2256
2612: 2614
2613: 2614
2614: 2131 2613 2615 2612
2615: 2614
2616: 374 376 381
2617: 960 1610 971
2618: 508 2633 2634
2619: 2634 2635 508
2620: 468 539 538
2621: 976 1617 142
2622: 19 440 1660
2623: 1386 1380
2624: 1738 46 884 891
2625: 73 898 2626
2626: 314 2625 2627
2627: 73 2626 2628
2628: 1600 2627 1785
2629: 525 527 562
2630: 2631 2632 509
2631: 2331 2630 2633
2632: 2633 508 2630
2633: 2632 2631 2618
2634: 2619 2618 505
2635: 505 504 2619
2636: 2637 514 2038
2637: 2636 509 513
2638: 526 522 525
2639: 1397 1399 1398
2640: 1020 1022 2642
2641: 1019 2642 1018
2642: 2641 2640 1018
2643: 1783 962 2644
2644: 2645 2643 1784
2645: 2644 1784 1783
2646: 1404 1658 428
2647: 1333 1305 1337
2648: 974 2650 18
2649: 1403 2650 1402
2650: 18 2649 895 2648
2651: 1495 1514 2325
2652: 2674 2653 2743
2653: 22 1593 1584 2652
2654: 98 156
2655: 2152 2373 2668
2656: 2457
2657: 162 2400 2160
2658: 622 586 2556
2659: 2192
2660: 2014 2012 2685
2661: 2662
2662: 2666 2661 2667
2663: 860 2666 2665
2664: 809 798 2665
2665: 2663 2664 1948
2666: 2662 2380 2663
2667: 2662 2143 2689
2668: 2655
2669: 2670 2671
2670: 2669 2672
2671: 2672 2669 2673
2672: 2671 2674 2670
2673: 2671 2743 2674
2674: 2673 2652 2672
2675: 1868
2676: 1559 2677 2713
2677: 2713 2676 2712
2678: 2679
2679: 2682 2678 2681
2680: 2682
2681: 2679
2682: 2680 2679 1090
2683: 2381
2684: 2142
2685: 172 2686 2660
2686: 2685 2583 1720
2687: 1720
2688: 2012 2130 2689
2689: 2667 2130 2688
2690: 402 2691 2692
2691: 1719 2690 2692
2692: 2325 2691 2690
2693: 1366 2487 1372 1370
2694: 2695 2699 2698
2695: 2694 2699 2697
2696: 2697 2698
2697: 2696 2695
2698: 2696 2694 2241
2699: 2695 1582 1583 2694
2700: 702
2701: 1741 2702
2702: 2537 2701
2703: 2704
2704: 39 2705 2703 52
2705: 2704 2707 2706
2706: 2705
2707: 2705
2708: 83 2708
2709: 83
2710: 2516
2711: 1861
2712: 2715 2677 2713
2713: 2677 2712 2676
2714: 2721
2715: 279 2712 2716 2730
2716: 1558 1560 2717 2715
2717: 1744 2718 2716
2718: 1359 2485 2719 2717
2719: 2718 2720
2720: 2545 2485 2719
2721: 2722 2730 2714
2722: 2723 2721 111 2731
2723: 2724 2722 2732 1541
2724: 2723 2733 2728
2725: 2727
2726: 2735
2727: 1542 2525 2728 2725
2728: 300 1541 2724 2727
2729: 1540 283 2735 2733
2730: 2731 2715 2721
2731: 2732 2730 2722 279
2732: 2733 2731 1540 2723
2733: 2732 2729 2724
2734: 2735 1744 1538 1745
2735: 2734 2726 2729
2736: 2315 2737 2526
2737: 2736
2738: 944 951 958
2739: 2740
2740: 702 716 2739
2741: 2349
2742: 2338
2743: 2673 2652 1784
2744: 2137
2745: 2137
2746: 2748 1402 895
2747: 895 2750 2748
2748: 1401 2746 2749 2747
2749: 1399 2748 2750
2750: 2747 1400 2749
2751: 2125 2179 2449
2752: 627 1208 2183
2753: 2754 2755
2754: 581 2753
2755: 583 2753 2756
2756: 2755
2757: 2758 1503 1502
2758: 2757 1502 1503
2759: 2760
2760: 1140 1826 2759
